1.000000000000000000e+11
1.100000000000000000e+11
1.200000000000000000e+11
1.300000000000000000e+11
1.400000000000000000e+11
1.500000000000000000e+11
1.600000000000000000e+11
1.700000000000000000e+11
1.800000000000000000e+11
1.900000000000000000e+11
2.000000000000000000e+11
2.100000000000000000e+11
2.200000000000000000e+11
2.300000000000000000e+11
2.400000000000000000e+11
2.500000000000000000e+11
2.600000000000000000e+11
2.700000000000000000e+11
2.800000000000000000e+11
2.900000000000000000e+11
3.000000000000000000e+11
3.100000000000000000e+11
3.200000000000000000e+11
3.300000000000000000e+11
3.400000000000000000e+11
3.500000000000000000e+11
3.600000000000000000e+11
3.700000000000000000e+11
3.800000000000000000e+11
3.900000000000000000e+11
4.000000000000000000e+11
4.100000000000000000e+11
4.200000000000000000e+11
4.300000000000000000e+11
4.400000000000000000e+11
4.500000000000000000e+11
4.600000000000000000e+11
4.700000000000000000e+11
4.800000000000000000e+11
4.900000000000000000e+11
5.000000000000000000e+11
5.100000000000000000e+11
5.200000000000000000e+11
5.300000000000000000e+11
5.400000000000000000e+11
5.500000000000000000e+11
5.600000000000000000e+11
5.700000000000000000e+11
5.800000000000000000e+11
5.900000000000000000e+11
6.000000000000000000e+11
6.100000000000000000e+11
6.200000000000000000e+11
6.300000000000000000e+11
6.400000000000000000e+11
6.500000000000000000e+11
6.600000000000000000e+11
6.700000000000000000e+11
6.800000000000000000e+11
6.900000000000000000e+11
7.000000000000000000e+11
7.100000000000000000e+11
7.200000000000000000e+11
7.300000000000000000e+11
7.400000000000000000e+11
7.500000000000000000e+11
7.600000000000000000e+11
7.700000000000000000e+11
7.800000000000000000e+11
7.900000000000000000e+11
8.000000000000000000e+11
8.100000000000000000e+11
8.200000000000000000e+11
8.300000000000000000e+11
8.400000000000000000e+11
8.500000000000000000e+11
8.600000000000000000e+11
8.700000000000000000e+11
8.800000000000000000e+11
8.900000000000000000e+11
9.000000000000000000e+11
9.100000000000000000e+11
9.200000000000000000e+11
9.300000000000000000e+11
9.400000000000000000e+11
9.500000000000000000e+11
9.600000000000000000e+11
9.700000000000000000e+11
9.800000000000000000e+11
9.900000000000000000e+11
1.000000000000000000e+12
1.010000000000000000e+12
1.020000000000000000e+12
1.030000000000000000e+12
1.040000000000000000e+12
1.050000000000000000e+12
1.060000000000000000e+12
1.070000000000000000e+12
1.080000000000000000e+12
1.090000000000000000e+12
1.100000000000000000e+12
1.110000000000000000e+12
1.120000000000000000e+12
1.130000000000000000e+12
1.140000000000000000e+12
1.150000000000000000e+12
1.160000000000000000e+12
1.170000000000000000e+12
1.180000000000000000e+12
1.190000000000000000e+12
1.200000000000000000e+12
1.210000000000000000e+12
1.220000000000000000e+12
1.230000000000000000e+12
1.240000000000000000e+12
1.250000000000000000e+12
1.260000000000000000e+12
1.270000000000000000e+12
1.280000000000000000e+12
1.290000000000000000e+12
1.300000000000000000e+12
1.310000000000000000e+12
1.320000000000000000e+12
1.330000000000000000e+12
1.340000000000000000e+12
1.350000000000000000e+12
1.360000000000000000e+12
1.370000000000000000e+12
1.380000000000000000e+12
1.390000000000000000e+12
1.400000000000000000e+12
1.410000000000000000e+12
1.420000000000000000e+12
1.430000000000000000e+12
1.440000000000000000e+12
1.450000000000000000e+12
1.460000000000000000e+12
1.470000000000000000e+12
1.480000000000000000e+12
1.490000000000000000e+12
1.500000000000000000e+12
1.510000000000000000e+12
1.520000000000000000e+12
1.530000000000000000e+12
1.540000000000000000e+12
1.550000000000000000e+12
1.560000000000000000e+12
1.570000000000000000e+12
1.580000000000000000e+12
1.590000000000000000e+12
1.600000000000000000e+12
1.610000000000000000e+12
1.620000000000000000e+12
1.630000000000000000e+12
1.640000000000000000e+12
1.650000000000000000e+12
1.660000000000000000e+12
1.670000000000000000e+12
1.680000000000000000e+12
1.690000000000000000e+12
1.700000000000000000e+12
1.710000000000000000e+12
1.720000000000000000e+12
1.730000000000000000e+12
1.740000000000000000e+12
1.750000000000000000e+12
1.760000000000000000e+12
1.770000000000000000e+12
1.780000000000000000e+12
1.790000000000000000e+12
1.800000000000000000e+12
1.810000000000000000e+12
1.820000000000000000e+12
1.830000000000000000e+12
1.840000000000000000e+12
1.850000000000000000e+12
1.860000000000000000e+12
1.870000000000000000e+12
1.880000000000000000e+12
1.890000000000000000e+12
1.900000000000000000e+12
1.910000000000000000e+12
1.920000000000000000e+12
1.930000000000000000e+12
1.940000000000000000e+12
1.950000000000000000e+12
1.960000000000000000e+12
1.970000000000000000e+12
1.980000000000000000e+12
1.990000000000000000e+12
2.000000000000000000e+12
2.010000000000000000e+12
2.020000000000000000e+12
2.030000000000000000e+12
2.040000000000000000e+12
2.050000000000000000e+12
2.060000000000000000e+12
2.070000000000000000e+12
2.080000000000000000e+12
2.090000000000000000e+12
2.100000000000000000e+12
2.110000000000000000e+12
2.120000000000000000e+12
2.130000000000000000e+12
2.140000000000000000e+12
2.150000000000000000e+12
2.160000000000000000e+12
2.170000000000000000e+12
2.180000000000000000e+12
2.190000000000000000e+12
2.200000000000000000e+12
2.210000000000000000e+12
2.220000000000000000e+12
2.230000000000000000e+12
2.240000000000000000e+12
2.250000000000000000e+12
2.260000000000000000e+12
2.270000000000000000e+12
2.280000000000000000e+12
2.290000000000000000e+12
2.300000000000000000e+12
2.310000000000000000e+12
2.320000000000000000e+12
2.330000000000000000e+12
2.340000000000000000e+12
2.350000000000000000e+12
2.360000000000000000e+12
2.370000000000000000e+12
2.380000000000000000e+12
2.390000000000000000e+12
2.400000000000000000e+12
2.410000000000000000e+12
2.420000000000000000e+12
2.430000000000000000e+12
2.440000000000000000e+12
2.450000000000000000e+12
2.460000000000000000e+12
2.470000000000000000e+12
2.480000000000000000e+12
2.490000000000000000e+12
2.500000000000000000e+12
2.510000000000000000e+12
2.520000000000000000e+12
2.530000000000000000e+12
2.540000000000000000e+12
2.550000000000000000e+12
2.560000000000000000e+12
2.570000000000000000e+12
2.580000000000000000e+12
2.590000000000000000e+12
2.600000000000000000e+12
2.610000000000000000e+12
2.620000000000000000e+12
2.630000000000000000e+12
2.640000000000000000e+12
2.650000000000000000e+12
2.660000000000000000e+12
2.670000000000000000e+12
2.680000000000000000e+12
2.690000000000000000e+12
2.700000000000000000e+12
2.710000000000000000e+12
2.720000000000000000e+12
2.730000000000000000e+12
2.740000000000000000e+12
2.750000000000000000e+12
2.760000000000000000e+12
2.770000000000000000e+12
2.780000000000000000e+12
2.790000000000000000e+12
2.800000000000000000e+12
2.810000000000000000e+12
2.820000000000000000e+12
2.830000000000000000e+12
2.840000000000000000e+12
2.850000000000000000e+12
2.860000000000000000e+12
2.870000000000000000e+12
2.880000000000000000e+12
2.890000000000000000e+12
2.900000000000000000e+12
2.910000000000000000e+12
2.920000000000000000e+12
2.930000000000000000e+12
2.940000000000000000e+12
2.950000000000000000e+12
2.960000000000000000e+12
2.970000000000000000e+12
2.980000000000000000e+12
2.990000000000000000e+12
3.000000000000000000e+12
3.010000000000000000e+12
3.020000000000000000e+12
3.030000000000000000e+12
3.040000000000000000e+12
3.050000000000000000e+12
3.060000000000000000e+12
3.070000000000000000e+12
3.080000000000000000e+12
3.090000000000000000e+12
3.100000000000000000e+12
3.110000000000000000e+12
3.120000000000000000e+12
3.130000000000000000e+12
3.140000000000000000e+12
3.150000000000000000e+12
3.160000000000000000e+12
3.170000000000000000e+12
3.180000000000000000e+12
3.190000000000000000e+12
3.200000000000000000e+12
3.210000000000000000e+12
3.220000000000000000e+12
3.230000000000000000e+12
3.240000000000000000e+12
3.250000000000000000e+12
3.260000000000000000e+12
3.270000000000000000e+12
3.280000000000000000e+12
3.290000000000000000e+12
3.300000000000000000e+12
3.310000000000000000e+12
3.320000000000000000e+12
3.330000000000000000e+12
3.340000000000000000e+12
3.350000000000000000e+12
3.360000000000000000e+12
3.370000000000000000e+12
3.380000000000000000e+12
3.390000000000000000e+12
3.400000000000000000e+12
3.410000000000000000e+12
3.420000000000000000e+12
3.430000000000000000e+12
3.440000000000000000e+12
3.450000000000000000e+12
3.460000000000000000e+12
3.470000000000000000e+12
3.480000000000000000e+12
3.490000000000000000e+12
3.500000000000000000e+12
3.510000000000000000e+12
3.520000000000000000e+12
3.530000000000000000e+12
3.540000000000000000e+12
3.550000000000000000e+12
3.560000000000000000e+12
3.570000000000000000e+12
3.580000000000000000e+12
3.590000000000000000e+12
3.600000000000000000e+12
3.610000000000000000e+12
3.620000000000000000e+12
3.630000000000000000e+12
3.640000000000000000e+12
3.650000000000000000e+12
3.660000000000000000e+12
3.670000000000000000e+12
3.680000000000000000e+12
3.690000000000000000e+12
3.700000000000000000e+12
3.710000000000000000e+12
3.720000000000000000e+12
3.730000000000000000e+12
3.740000000000000000e+12
3.750000000000000000e+12
3.760000000000000000e+12
3.770000000000000000e+12
3.780000000000000000e+12
3.790000000000000000e+12
3.800000000000000000e+12
3.810000000000000000e+12
3.820000000000000000e+12
3.830000000000000000e+12
3.840000000000000000e+12
3.850000000000000000e+12
3.860000000000000000e+12
3.870000000000000000e+12
3.880000000000000000e+12
3.890000000000000000e+12
3.900000000000000000e+12
3.910000000000000000e+12
3.920000000000000000e+12
3.930000000000000000e+12
3.940000000000000000e+12
3.950000000000000000e+12
3.960000000000000000e+12
3.970000000000000000e+12
3.980000000000000000e+12
3.990000000000000000e+12
4.000000000000000000e+12
4.010000000000000000e+12
4.020000000000000000e+12
4.030000000000000000e+12
4.040000000000000000e+12
4.050000000000000000e+12
4.060000000000000000e+12
4.070000000000000000e+12
4.080000000000000000e+12
4.090000000000000000e+12
4.100000000000000000e+12
4.110000000000000000e+12
4.120000000000000000e+12
4.130000000000000000e+12
4.140000000000000000e+12
4.150000000000000000e+12
4.160000000000000000e+12
4.170000000000000000e+12
4.180000000000000000e+12
4.190000000000000000e+12
4.200000000000000000e+12
4.210000000000000000e+12
4.220000000000000000e+12
4.230000000000000000e+12
4.240000000000000000e+12
4.250000000000000000e+12
4.260000000000000000e+12
4.270000000000000000e+12
4.280000000000000000e+12
4.290000000000000000e+12
4.300000000000000000e+12
4.310000000000000000e+12
4.320000000000000000e+12
4.330000000000000000e+12
4.340000000000000000e+12
4.350000000000000000e+12
4.360000000000000000e+12
4.370000000000000000e+12
4.380000000000000000e+12
4.390000000000000000e+12
4.400000000000000000e+12
4.410000000000000000e+12
4.420000000000000000e+12
4.430000000000000000e+12
4.440000000000000000e+12
4.450000000000000000e+12
4.460000000000000000e+12
4.470000000000000000e+12
4.480000000000000000e+12
4.490000000000000000e+12
4.500000000000000000e+12
4.510000000000000000e+12
4.520000000000000000e+12
4.530000000000000000e+12
4.540000000000000000e+12
4.550000000000000000e+12
4.560000000000000000e+12
4.570000000000000000e+12
4.580000000000000000e+12
4.590000000000000000e+12
4.600000000000000000e+12
4.610000000000000000e+12
4.620000000000000000e+12
4.630000000000000000e+12
4.640000000000000000e+12
4.650000000000000000e+12
4.660000000000000000e+12
4.670000000000000000e+12
4.680000000000000000e+12
4.690000000000000000e+12
4.700000000000000000e+12
4.710000000000000000e+12
4.720000000000000000e+12
4.730000000000000000e+12
4.740000000000000000e+12
4.750000000000000000e+12
4.760000000000000000e+12
4.770000000000000000e+12
4.780000000000000000e+12
4.790000000000000000e+12
4.800000000000000000e+12
4.810000000000000000e+12
4.820000000000000000e+12
4.830000000000000000e+12
4.840000000000000000e+12
4.850000000000000000e+12
4.860000000000000000e+12
4.870000000000000000e+12
4.880000000000000000e+12
4.890000000000000000e+12
4.900000000000000000e+12
4.910000000000000000e+12
4.920000000000000000e+12
4.930000000000000000e+12
4.940000000000000000e+12
4.950000000000000000e+12
4.960000000000000000e+12
4.970000000000000000e+12
4.980000000000000000e+12
4.990000000000000000e+12
5.000000000000000000e+12
5.010000000000000000e+12
5.020000000000000000e+12
5.030000000000000000e+12
5.040000000000000000e+12
5.050000000000000000e+12
5.060000000000000000e+12
5.070000000000000000e+12
5.080000000000000000e+12
5.090000000000000000e+12
5.100000000000000000e+12
5.110000000000000000e+12
5.120000000000000000e+12
5.130000000000000000e+12
5.140000000000000000e+12
5.150000000000000000e+12
5.160000000000000000e+12
5.170000000000000000e+12
5.180000000000000000e+12
5.190000000000000000e+12
5.200000000000000000e+12
5.210000000000000000e+12
5.220000000000000000e+12
5.230000000000000000e+12
5.240000000000000000e+12
5.250000000000000000e+12
5.260000000000000000e+12
5.270000000000000000e+12
5.280000000000000000e+12
5.290000000000000000e+12
5.300000000000000000e+12
5.310000000000000000e+12
5.320000000000000000e+12
5.330000000000000000e+12
5.340000000000000000e+12
5.350000000000000000e+12
5.360000000000000000e+12
5.370000000000000000e+12
5.380000000000000000e+12
5.390000000000000000e+12
5.400000000000000000e+12
5.410000000000000000e+12
5.420000000000000000e+12
5.430000000000000000e+12
5.440000000000000000e+12
5.450000000000000000e+12
5.460000000000000000e+12
5.470000000000000000e+12
5.480000000000000000e+12
5.490000000000000000e+12
5.500000000000000000e+12
5.510000000000000000e+12
5.520000000000000000e+12
5.530000000000000000e+12
5.540000000000000000e+12
5.550000000000000000e+12
5.560000000000000000e+12
5.570000000000000000e+12
5.580000000000000000e+12
5.590000000000000000e+12
5.600000000000000000e+12
5.610000000000000000e+12
5.620000000000000000e+12
5.630000000000000000e+12
5.640000000000000000e+12
5.650000000000000000e+12
5.660000000000000000e+12
5.670000000000000000e+12
5.680000000000000000e+12
5.690000000000000000e+12
5.700000000000000000e+12
5.710000000000000000e+12
5.720000000000000000e+12
5.730000000000000000e+12
5.740000000000000000e+12
5.750000000000000000e+12
5.760000000000000000e+12
5.770000000000000000e+12
5.780000000000000000e+12
5.790000000000000000e+12
5.800000000000000000e+12
5.810000000000000000e+12
5.820000000000000000e+12
5.830000000000000000e+12
5.840000000000000000e+12
5.850000000000000000e+12
5.860000000000000000e+12
5.870000000000000000e+12
5.880000000000000000e+12
5.890000000000000000e+12
5.900000000000000000e+12
5.910000000000000000e+12
5.920000000000000000e+12
5.930000000000000000e+12
5.940000000000000000e+12
5.950000000000000000e+12
5.960000000000000000e+12
5.970000000000000000e+12
5.980000000000000000e+12
5.990000000000000000e+12
6.000000000000000000e+12
6.010000000000000000e+12
6.020000000000000000e+12
6.030000000000000000e+12
6.040000000000000000e+12
6.050000000000000000e+12
6.060000000000000000e+12
6.070000000000000000e+12
6.080000000000000000e+12
6.090000000000000000e+12
6.100000000000000000e+12
6.110000000000000000e+12
6.120000000000000000e+12
6.130000000000000000e+12
6.140000000000000000e+12
6.150000000000000000e+12
6.160000000000000000e+12
6.170000000000000000e+12
6.180000000000000000e+12
6.190000000000000000e+12
6.200000000000000000e+12
6.210000000000000000e+12
6.220000000000000000e+12
6.230000000000000000e+12
6.240000000000000000e+12
6.250000000000000000e+12
6.260000000000000000e+12
6.270000000000000000e+12
6.280000000000000000e+12
6.290000000000000000e+12
6.300000000000000000e+12
6.310000000000000000e+12
6.320000000000000000e+12
6.330000000000000000e+12
6.340000000000000000e+12
6.350000000000000000e+12
6.360000000000000000e+12
6.370000000000000000e+12
6.380000000000000000e+12
6.390000000000000000e+12
6.400000000000000000e+12
6.410000000000000000e+12
6.420000000000000000e+12
6.430000000000000000e+12
6.440000000000000000e+12
6.450000000000000000e+12
6.460000000000000000e+12
6.470000000000000000e+12
6.480000000000000000e+12
6.490000000000000000e+12
6.500000000000000000e+12
6.510000000000000000e+12
6.520000000000000000e+12
6.530000000000000000e+12
6.540000000000000000e+12
6.550000000000000000e+12
6.560000000000000000e+12
6.570000000000000000e+12
6.580000000000000000e+12
6.590000000000000000e+12
6.600000000000000000e+12
6.610000000000000000e+12
6.620000000000000000e+12
6.630000000000000000e+12
6.640000000000000000e+12
6.650000000000000000e+12
6.660000000000000000e+12
6.670000000000000000e+12
6.680000000000000000e+12
6.690000000000000000e+12
6.700000000000000000e+12
6.710000000000000000e+12
6.720000000000000000e+12
6.730000000000000000e+12
6.740000000000000000e+12
6.750000000000000000e+12
6.760000000000000000e+12
6.770000000000000000e+12
6.780000000000000000e+12
6.790000000000000000e+12
6.800000000000000000e+12
6.810000000000000000e+12
6.820000000000000000e+12
6.830000000000000000e+12
6.840000000000000000e+12
6.850000000000000000e+12
6.860000000000000000e+12
6.870000000000000000e+12
6.880000000000000000e+12
6.890000000000000000e+12
6.900000000000000000e+12
6.910000000000000000e+12
6.920000000000000000e+12
6.930000000000000000e+12
6.940000000000000000e+12
6.950000000000000000e+12
6.960000000000000000e+12
6.970000000000000000e+12
6.980000000000000000e+12
6.990000000000000000e+12
7.000000000000000000e+12
7.010000000000000000e+12
7.020000000000000000e+12
7.030000000000000000e+12
7.040000000000000000e+12
7.050000000000000000e+12
7.060000000000000000e+12
7.070000000000000000e+12
7.080000000000000000e+12
7.090000000000000000e+12
7.100000000000000000e+12
7.110000000000000000e+12
7.120000000000000000e+12
7.130000000000000000e+12
7.140000000000000000e+12
7.150000000000000000e+12
7.160000000000000000e+12
7.170000000000000000e+12
7.180000000000000000e+12
7.190000000000000000e+12
7.200000000000000000e+12
7.210000000000000000e+12
7.220000000000000000e+12
7.230000000000000000e+12
7.240000000000000000e+12
7.250000000000000000e+12
7.260000000000000000e+12
7.270000000000000000e+12
7.280000000000000000e+12
7.290000000000000000e+12
7.300000000000000000e+12
7.310000000000000000e+12
7.320000000000000000e+12
7.330000000000000000e+12
7.340000000000000000e+12
7.350000000000000000e+12
7.360000000000000000e+12
7.370000000000000000e+12
7.380000000000000000e+12
7.390000000000000000e+12
7.400000000000000000e+12
7.410000000000000000e+12
7.420000000000000000e+12
7.430000000000000000e+12
7.440000000000000000e+12
7.450000000000000000e+12
7.460000000000000000e+12
7.470000000000000000e+12
7.480000000000000000e+12
7.490000000000000000e+12
7.500000000000000000e+12
7.510000000000000000e+12
7.520000000000000000e+12
7.530000000000000000e+12
7.540000000000000000e+12
7.550000000000000000e+12
7.560000000000000000e+12
7.570000000000000000e+12
7.580000000000000000e+12
7.590000000000000000e+12
7.600000000000000000e+12
7.610000000000000000e+12
7.620000000000000000e+12
7.630000000000000000e+12
7.640000000000000000e+12
7.650000000000000000e+12
7.660000000000000000e+12
7.670000000000000000e+12
7.680000000000000000e+12
7.690000000000000000e+12
7.700000000000000000e+12
7.710000000000000000e+12
7.720000000000000000e+12
7.730000000000000000e+12
7.740000000000000000e+12
7.750000000000000000e+12
7.760000000000000000e+12
7.770000000000000000e+12
7.780000000000000000e+12
7.790000000000000000e+12
7.800000000000000000e+12
7.810000000000000000e+12
7.820000000000000000e+12
7.830000000000000000e+12
7.840000000000000000e+12
7.850000000000000000e+12
7.860000000000000000e+12
7.870000000000000000e+12
7.880000000000000000e+12
7.890000000000000000e+12
7.900000000000000000e+12
7.910000000000000000e+12
7.920000000000000000e+12
7.930000000000000000e+12
7.940000000000000000e+12
7.950000000000000000e+12
7.960000000000000000e+12
7.970000000000000000e+12
7.980000000000000000e+12
7.990000000000000000e+12
8.000000000000000000e+12
8.010000000000000000e+12
8.020000000000000000e+12
8.030000000000000000e+12
8.040000000000000000e+12
8.050000000000000000e+12
8.060000000000000000e+12
8.070000000000000000e+12
8.080000000000000000e+12
8.090000000000000000e+12
8.100000000000000000e+12
8.110000000000000000e+12
8.120000000000000000e+12
8.130000000000000000e+12
8.140000000000000000e+12
8.150000000000000000e+12
8.160000000000000000e+12
8.170000000000000000e+12
8.180000000000000000e+12
8.190000000000000000e+12
8.200000000000000000e+12
8.210000000000000000e+12
8.220000000000000000e+12
8.230000000000000000e+12
8.240000000000000000e+12
8.250000000000000000e+12
8.260000000000000000e+12
8.270000000000000000e+12
8.280000000000000000e+12
8.290000000000000000e+12
8.300000000000000000e+12
8.310000000000000000e+12
8.320000000000000000e+12
8.330000000000000000e+12
8.340000000000000000e+12
8.350000000000000000e+12
8.360000000000000000e+12
8.370000000000000000e+12
8.380000000000000000e+12
8.390000000000000000e+12
8.400000000000000000e+12
8.410000000000000000e+12
8.420000000000000000e+12
8.430000000000000000e+12
8.440000000000000000e+12
8.450000000000000000e+12
8.460000000000000000e+12
8.470000000000000000e+12
8.480000000000000000e+12
8.490000000000000000e+12
8.500000000000000000e+12
8.510000000000000000e+12
8.520000000000000000e+12
8.530000000000000000e+12
8.540000000000000000e+12
8.550000000000000000e+12
8.560000000000000000e+12
8.570000000000000000e+12
8.580000000000000000e+12
8.590000000000000000e+12
8.600000000000000000e+12
8.610000000000000000e+12
8.620000000000000000e+12
8.630000000000000000e+12
8.640000000000000000e+12
8.650000000000000000e+12
8.660000000000000000e+12
8.670000000000000000e+12
8.680000000000000000e+12
8.690000000000000000e+12
8.700000000000000000e+12
8.710000000000000000e+12
8.720000000000000000e+12
8.730000000000000000e+12
8.740000000000000000e+12
8.750000000000000000e+12
8.760000000000000000e+12
8.770000000000000000e+12
8.780000000000000000e+12
8.790000000000000000e+12
8.800000000000000000e+12
8.810000000000000000e+12
8.820000000000000000e+12
8.830000000000000000e+12
8.840000000000000000e+12
8.850000000000000000e+12
8.860000000000000000e+12
8.870000000000000000e+12
8.880000000000000000e+12
8.890000000000000000e+12
8.900000000000000000e+12
8.910000000000000000e+12
8.920000000000000000e+12
8.930000000000000000e+12
8.940000000000000000e+12
8.950000000000000000e+12
8.960000000000000000e+12
8.970000000000000000e+12
8.980000000000000000e+12
8.990000000000000000e+12
9.000000000000000000e+12
9.010000000000000000e+12
9.020000000000000000e+12
9.030000000000000000e+12
9.040000000000000000e+12
9.050000000000000000e+12
9.060000000000000000e+12
9.070000000000000000e+12
9.080000000000000000e+12
9.090000000000000000e+12
9.100000000000000000e+12
9.110000000000000000e+12
9.120000000000000000e+12
9.130000000000000000e+12
9.140000000000000000e+12
9.150000000000000000e+12
9.160000000000000000e+12
9.170000000000000000e+12
9.180000000000000000e+12
9.190000000000000000e+12
9.200000000000000000e+12
9.210000000000000000e+12
9.220000000000000000e+12
9.230000000000000000e+12
9.240000000000000000e+12
9.250000000000000000e+12
9.260000000000000000e+12
9.270000000000000000e+12
9.280000000000000000e+12
9.290000000000000000e+12
9.300000000000000000e+12
9.310000000000000000e+12
9.320000000000000000e+12
9.330000000000000000e+12
9.340000000000000000e+12
9.350000000000000000e+12
9.360000000000000000e+12
9.370000000000000000e+12
9.380000000000000000e+12
9.390000000000000000e+12
9.400000000000000000e+12
9.410000000000000000e+12
9.420000000000000000e+12
9.430000000000000000e+12
9.440000000000000000e+12
9.450000000000000000e+12
9.460000000000000000e+12
9.470000000000000000e+12
9.480000000000000000e+12
9.490000000000000000e+12
9.500000000000000000e+12
9.510000000000000000e+12
9.520000000000000000e+12
9.530000000000000000e+12
9.540000000000000000e+12
9.550000000000000000e+12
9.560000000000000000e+12
9.570000000000000000e+12
9.580000000000000000e+12
9.590000000000000000e+12
9.600000000000000000e+12
9.610000000000000000e+12
9.620000000000000000e+12
9.630000000000000000e+12
9.640000000000000000e+12
9.650000000000000000e+12
9.660000000000000000e+12
9.670000000000000000e+12
9.680000000000000000e+12
9.690000000000000000e+12
9.700000000000000000e+12
9.710000000000000000e+12
9.720000000000000000e+12
9.730000000000000000e+12
9.740000000000000000e+12
9.750000000000000000e+12
9.760000000000000000e+12
9.770000000000000000e+12
9.780000000000000000e+12
9.790000000000000000e+12
9.800000000000000000e+12
9.810000000000000000e+12
9.820000000000000000e+12
9.830000000000000000e+12
9.840000000000000000e+12
9.850000000000000000e+12
9.860000000000000000e+12
9.870000000000000000e+12
9.880000000000000000e+12
9.890000000000000000e+12
9.900000000000000000e+12
9.910000000000000000e+12
9.920000000000000000e+12
9.930000000000000000e+12
9.940000000000000000e+12
9.950000000000000000e+12
9.960000000000000000e+12
9.970000000000000000e+12
9.980000000000000000e+12
9.990000000000000000e+12
1.000000000000000000e+13
